#42614805
43
S
S
O
O
O
O
O
O
N
N
N
C
C
C
C
C
C
C
C
C
C
C
C
C
C
C
H
H
H
H
H
H
H
H
H
H
H
H
H
H
H
H
H
44
3 0 2
4 0 2
11 0 1
12 0 1
2 1 1
5 1 1
6 1 2
7 1 2
13 2 1
42 5 1
9 8 2
18 8 1
20 9 1
22 10 1
40 10 1
41 10 1
13 11 1
26 11 1
27 11 1
14 12 2
15 12 1
28 13 1
29 13 1
16 14 1
30 14 1
17 15 2
31 15 1
18 16 2
32 16 1
18 17 1
33 17 1
20 19 2
21 19 1
25 19 1
23 20 1
22 21 2
34 21 1
24 22 1
24 23 2
35 23 1
36 24 1
37 25 1
38 25 1
39 25 1

#25077042
88
N
N
N
N
C
C
C
C
C
C
C
C
C
C
C
C
C
C
C
C
C
C
C
C
C
C
C
C
C
C
C
C
C
C
C
C
C
C
C
C
C
C
C
C
C
C
H
H
H
H
H
H
H
H
H
H
H
H
H
H
H
H
H
H
H
H
H
H
H
H
H
H
H
H
H
H
H
H
H
H
H
H
H
H
H
H
H
H
96
26 0 1
30 0 2
27 1 1
31 1 2
36 2 1
42 2 2
37 3 1
43 3 2
6 4 1
10 4 1
12 4 1
46 4 1
7 5 1
11 5 1
13 5 1
47 5 1
8 6 1
18 6 1
19 6 1
9 7 1
20 7 1
21 7 1
10 8 1
14 8 1
48 8 1
11 9 1
15 9 1
49 9 1
50 10 1
51 10 1
52 11 1
53 11 1
16 12 1
22 12 1
54 12 1
17 13 1
23 13 1
55 13 1
16 14 1
26 14 2
17 15 1
27 15 2
28 16 2
29 17 2
56 18 1
57 18 1
58 18 1
59 19 1
60 19 1
61 19 1
62 20 1
63 20 1
64 20 1
65 21 1
66 21 1
67 21 1
24 22 1
68 22 1
69 22 1
25 23 1
70 23 1
71 23 1
25 24 1
32 24 2
33 25 2
72 26 1
73 27 1
30 28 1
74 28 1
31 29 1
75 29 1
36 30 1
37 31 1
34 32 1
76 32 1
35 33 1
77 33 1
35 34 2
78 34 1
79 35 1
38 36 2
39 37 2
40 38 1
80 38 1
41 39 1
81 39 1
44 40 2
82 40 1
45 41 2
83 41 1
44 42 1
84 42 1
45 43 1
85 43 1
86 44 1
87 45 1

#25077041
88
N
N
N
N
C
C
C
C
C
C
C
C
C
C
C
C
C
C
C
C
C
C
C
C
C
C
C
C
C
C
C
C
C
C
C
C
C
C
C
C
C
C
C
C
C
C
H
H
H
H
H
H
H
H
H
H
H
H
H
H
H
H
H
H
H
H
H
H
H
H
H
H
H
H
H
H
H
H
H
H
H
H
H
H
H
H
H
H
96
24 0 1
31 0 2
25 1 1
32 1 2
36 2 1
42 2 2
37 3 1
43 3 2
6 4 1
8 4 1
18 4 1
19 4 1
7 5 1
9 5 1
20 5 1
21 5 1
10 6 1
12 6 1
46 6 1
11 7 1
13 7 1
47 7 1
10 8 1
14 8 1
48 8 1
11 9 1
15 9 1
49 9 1
50 10 1
51 10 1
52 11 1
53 11 1
16 12 1
22 12 1
54 12 1
17 13 1
23 13 1
55 13 1
16 14 1
24 14 2
17 15 1
25 15 2
26 16 2
27 17 2
56 18 1
57 18 1
58 18 1
59 19 1
60 19 1
61 19 1
62 20 1
63 20 1
64 20 1
65 21 1
66 21 1
67 21 1
28 22 1
68 22 1
69 22 1
29 23 1
70 23 1
71 23 1
72 24 1
73 25 1
31 26 1
74 26 1
32 27 1
75 27 1
30 28 2
33 28 1
30 29 1
34 29 2
76 30 1
36 31 1
37 32 1
35 33 2
77 33 1
35 34 1
78 34 1
79 35 1
38 36 2
39 37 2
40 38 1
80 38 1
41 39 1
81 39 1
44 40 2
82 40 1
45 41 2
83 41 1
44 42 1
84 42 1
45 43 1
85 43 1
86 44 1
87 45 1

#25077040
88
N
N
N
N
C
C
C
C
C
C
C
C
C
C
C
C
C
C
C
C
C
C
C
C
C
C
C
C
C
C
C
C
C
C
C
C
C
C
C
C
C
C
C
C
C
C
H
H
H
H
H
H
H
H
H
H
H
H
H
H
H
H
H
H
H
H
H
H
H
H
H
H
H
H
H
H
H
H
H
H
H
H
H
H
H
H
H
H
96
24 0 1
30 0 2
25 1 1
31 1 2
36 2 1
42 2 2
37 3 1
43 3 2
6 4 1
8 4 1
18 4 1
19 4 1
7 5 1
9 5 1
20 5 1
21 5 1
10 6 1
12 6 1
46 6 1
11 7 1
13 7 1
47 7 1
10 8 1
14 8 1
48 8 1
11 9 1
15 9 1
49 9 1
50 10 1
51 10 1
52 11 1
53 11 1
16 12 1
22 12 1
54 12 1
17 13 1
23 13 1
55 13 1
16 14 1
24 14 2
17 15 1
25 15 2
26 16 2
27 17 2
56 18 1
57 18 1
58 18 1
59 19 1
60 19 1
61 19 1
62 20 1
63 20 1
64 20 1
65 21 1
66 21 1
67 21 1
28 22 1
68 22 1
69 22 1
29 23 1
70 23 1
71 23 1
72 24 1
73 25 1
30 26 1
74 26 1
31 27 1
75 27 1
32 28 2
34 28 1
33 29 2
35 29 1
36 30 1
37 31 1
33 32 1
76 32 1
77 33 1
35 34 2
78 34 1
79 35 1
38 36 2
39 37 2
40 38 1
80 38 1
41 39 1
81 39 1
44 40 2
82 40 1
45 41 2
83 41 1
44 42 1
84 42 1
45 43 1
85 43 1
86 44 1
87 45 1

#24202623
42
S
O
O
O
N
C
C
C
C
C
C
C
C
C
C
C
C
C
C
C
C
C
C
H
H
H
H
H
H
H
H
H
H
H
H
H
H
H
H
H
H
H
43
1 0 2
4 0 2
5 0 1
6 0 1
21 2 1
22 2 1
21 3 2
9 4 1
7 5 2
8 5 1
23 6 1
24 6 1
25 6 1
11 7 1
26 7 1
12 8 2
27 8 1
13 9 1
14 9 2
11 10 2
12 10 1
15 10 1
28 11 1
29 12 1
16 13 2
19 13 1
17 14 1
30 14 1
31 15 1
32 15 1
33 15 1
18 16 1
34 16 1
18 17 2
35 17 1
36 18 1
20 19 2
37 19 1
21 20 1
38 20 1
39 22 1
40 22 1
41 22 1

#24202619
41
Cl
Cl
Cl
O
O
O
O
N
N
C
C
C
C
C
C
C
C
C
C
C
C
C
C
C
C
C
C
C
H
H
H
H
H
H
H
H
H
H
H
H
H
43
17 0 1
22 1 1
22 2 1
14 3 1
18 3 1
8 4 1
21 4 1
8 5 1
21 6 2
10 7 1
11 7 2
15 8 2
10 9 2
11 9 1
12 9 1
13 10 1
15 11 1
14 12 2
28 12 1
16 13 2
29 13 1
16 14 1
17 15 1
30 16 1
22 17 2
19 18 1
31 18 1
32 18 1
33 19 1
34 19 1
35 19 1
21 20 1
23 20 2
24 20 1
25 23 1
36 23 1
26 24 2
37 24 1
27 25 2
38 25 1
27 26 1
39 26 1
40 27 1

#24202524
44
S
S
O
O
O
O
N
N
C
C
C
C
C
C
C
C
C
C
C
C
H
H
H
H
H
H
H
H
H
H
H
H
H
H
H
H
H
H
H
H
H
H
H
H
43
1 0 1
10 0 1
11 1 1
18 2 1
19 3 1
18 4 2
19 5 2
8 6 1
12 6 1
13 6 1
14 6 1
9 7 1
15 7 1
16 7 1
17 7 1
10 8 1
18 8 1
20 8 1
11 9 1
19 9 1
21 9 1
22 10 1
23 10 1
24 11 1
25 11 1
26 12 1
27 12 1
28 12 1
29 13 1
30 13 1
31 13 1
32 14 1
33 14 1
34 14 1
35 15 1
36 15 1
37 15 1
38 16 1
39 16 1
40 16 1
41 17 1
42 17 1
43 17 1

#24202520
60
O
O
O
O
O
O
O
N
C
C
C
C
C
C
C
C
C
C
C
C
C
C
C
C
C
C
C
C
C
C
C
C
C
C
C
C
C
C
C
H
H
H
H
H
H
H
H
H
H
H
H
H
H
H
H
H
H
H
H
H
66
8 0 1
9 0 1
15 1 1
29 1 1
22 2 1
34 2 1
22 3 2
23 4 1
50 4 1
25 5 2
28 6 2
11 7 1
16 7 1
42 7 1
9 8 1
10 8 1
11 8 1
12 9 1
13 9 1
14 10 1
17 10 1
39 10 1
19 11 1
40 11 1
15 12 1
20 12 1
41 12 1
16 13 1
18 13 2
15 14 2
22 14 1
21 16 2
43 17 1
44 17 1
45 17 1
23 18 1
46 18 1
26 19 3
27 20 3
24 21 1
25 21 1
24 23 2
28 24 1
30 25 1
32 26 1
33 27 1
31 28 1
47 29 1
48 29 1
49 29 1
31 30 1
35 30 2
36 31 2
33 32 2
51 32 1
52 33 1
53 34 1
54 34 1
55 34 1
37 35 1
56 35 1
38 36 1
57 36 1
38 37 2
58 37 1
59 38 1

#24202517
51
O
O
N
C
C
C
C
C
C
C
C
C
C
C
C
C
C
C
C
C
C
C
C
C
C
C
C
C
C
C
H
H
H
H
H
H
H
H
H
H
H
H
H
H
H
H
H
H
H
H
H
55
6 0 1
6 1 2
3 2 1
7 2 2
8 2 1
4 3 1
5 3 1
6 3 1
5 4 1
30 4 1
31 4 1
32 5 1
33 5 1
9 7 1
11 7 1
10 8 2
12 8 1
13 9 2
34 9 1
13 10 1
35 10 1
15 11 2
16 11 1
17 12 2
18 12 1
14 13 1
23 14 2
24 14 1
19 15 1
36 15 1
20 16 2
37 16 1
21 17 1
38 17 1
22 18 2
39 18 1
25 19 2
40 19 1
25 20 1
41 20 1
26 21 2
42 21 1
26 22 1
43 22 1
27 23 1
44 23 1
28 24 2
45 24 1
46 25 1
47 26 1
29 27 2
48 27 1
29 28 1
49 28 1
50 29 1

#24202487
52
O
O
O
O
O
O
N
C
C
C
C
C
C
C
C
C
C
C
C
C
C
C
C
C
C
C
C
C
C
C
C
C
C
C
C
H
H
H
H
H
H
H
H
H
H
H
H
H
H
H
H
H
58
7 0 1
8 0 1
10 1 1
44 1 1
14 2 2
21 3 1
46 3 1
23 4 2
26 5 2
11 6 1
15 6 1
39 6 1
8 7 1
9 7 1
11 7 1
10 8 1
12 8 1
13 9 1
16 9 1
35 9 1
14 10 1
18 10 1
19 11 1
36 11 1
15 12 1
17 12 2
14 13 1
37 13 1
38 13 1
20 15 2
40 16 1
41 16 1
42 16 1
21 17 1
43 17 1
24 18 3
25 19 3
22 20 1
23 20 1
22 21 2
26 22 1
27 23 1
29 24 1
30 25 1
28 26 1
28 27 1
31 27 2
32 28 2
30 29 2
45 29 1
47 30 1
33 31 1
48 31 1
34 32 1
49 32 1
34 33 2
50 33 1
51 34 1

#24202486
61
O
O
O
O
O
O
O
N
C
C
C
C
C
C
C
C
C
C
C
C
C
C
C
C
C
C
C
C
C
C
C
C
C
C
C
C
C
C
H
H
H
H
H
H
H
H
H
H
H
H
H
H
H
H
H
H
H
H
H
H
H
67
8 0 1
9 0 1
11 1 1
46 1 1
13 2 1
24 2 1
13 3 1
25 3 1
22 4 1
56 4 1
27 5 2
29 6 2
12 7 1
16 7 1
42 7 1
9 8 1
10 8 1
12 8 1
11 9 1
15 9 1
14 10 1
17 10 1
38 10 1
13 11 1
18 11 1
20 12 1
39 12 1
14 13 1
40 14 1
41 14 1
16 15 1
19 15 2
21 16 2
43 17 1
44 17 1
45 17 1
26 18 3
22 19 1
47 19 1
28 20 3
23 21 1
27 21 1
23 22 2
29 23 1
48 24 1
49 24 1
50 24 1
51 25 1
52 25 1
53 25 1
30 26 1
31 27 1
32 28 1
33 29 1
32 30 2
54 30 1
33 31 1
34 31 2
55 32 1
35 33 2
36 34 1
57 34 1
37 35 1
58 35 1
37 36 2
59 36 1
60 37 1

#24200575
43
O
N
N
N
N
N
N
N
C
C
C
C
C
C
C
C
C
C
C
C
C
C
C
C
C
C
H
H
H
H
H
H
H
H
H
H
H
H
H
H
H
H
H
46
1 0 1
36 0 1
2 1 1
8 1 1
3 2 1
16 2 1
10 3 2
15 4 2
22 4 1
18 5 2
22 5 1
18 6 1
37 6 1
38 6 1
22 7 2
42 7 1
10 8 1
12 8 2
11 9 2
12 9 1
13 9 1
14 10 1
15 11 1
18 11 1
26 12 1
14 13 2
27 13 1
28 14 1
17 15 1
20 16 2
21 16 1
19 17 1
29 17 1
30 17 1
31 19 1
32 19 1
33 19 1
23 20 1
34 20 1
24 21 2
35 21 1
25 23 2
39 23 1
25 24 1
40 24 1
41 25 1

#24200447
59
O
O
N
C
C
C
C
C
C
C
C
C
C
C
C
C
C
C
C
C
C
C
C
C
H
H
H
H
H
H
H
H
H
H
H
H
H
H
H
H
H
H
H
H
H
H
H
H
H
H
H
H
H
H
H
H
H
H
H
59
17 0 1
17 1 2
14 2 1
18 2 2
19 2 1
4 3 1
5 3 1
24 3 1
25 3 1
6 4 1
26 4 1
27 4 1
7 5 1
28 5 1
29 5 1
8 6 1
30 6 1
31 6 1
9 7 1
32 7 1
33 7 1
10 8 1
34 8 1
35 8 1
11 9 1
36 9 1
37 9 1
12 10 1
38 10 1
39 10 1
13 11 1
40 11 1
41 11 1
14 12 1
42 12 1
43 12 1
15 13 1
44 13 1
45 13 1
17 14 1
46 14 1
16 15 1
47 15 1
48 15 1
20 16 1
49 16 1
50 16 1
21 18 1
51 18 1
22 19 2
52 19 1
53 20 1
54 20 1
55 20 1
23 21 2
56 21 1
23 22 1
57 22 1
58 23 1

#24195152
39
O
O
O
O
O
N
N
N
N
C
C
C
C
C
C
C
C
C
C
C
C
C
C
C
C
H
H
H
H
H
H
H
H
H
H
H
H
H
H
41
7 0 1
15 0 1
20 1 1
23 1 1
17 2 1
8 3 1
8 4 2
9 5 2
10 5 1
11 5 1
15 6 2
19 6 1
19 7 2
23 8 1
13 9 1
16 9 1
15 10 1
17 10 2
12 11 2
25 11 1
14 12 1
18 12 1
14 13 2
26 13 1
27 14 1
28 16 1
29 16 1
30 16 1
21 17 1
31 18 1
32 18 1
33 18 1
20 19 1
22 20 2
34 21 1
35 21 1
36 21 1
24 22 1
37 22 1
24 23 2
38 24 1

#24193747
26
Br
O
O
N
N
N
N
N
C
C
C
C
C
C
C
C
H
H
H
H
H
H
H
H
H
H
26
15 0 1
7 1 1
7 2 2
6 3 1
8 3 1
17 3 1
7 4 1
8 4 1
18 4 1
8 5 1
22 5 1
23 5 1
12 6 2
16 8 1
10 9 2
11 9 1
12 9 1
13 10 1
19 10 1
14 11 2
20 11 1
21 12 1
15 13 2
24 13 1
15 14 1
25 14 1

#24189696
15
N
N
N
N
N
N
N
C
C
C
C
C
H
H
H
16
4 0 1
8 0 1
12 0 1
7 1 2
10 1 1
8 2 2
11 2 1
9 3 1
10 3 2
11 4 2
6 5 2
9 5 2
8 7 1
9 7 1
13 10 1
14 11 1

#24187717
72
O
O
O
O
O
O
O
O
O
N
N
N
N
N
N
N
N
C
C
C
C
C
C
C
C
C
C
C
C
C
C
C
C
C
C
C
C
C
C
C
C
C
C
C
H
H
H
H
H
H
H
H
H
H
H
H
H
H
H
H
H
H
H
H
H
H
H
H
H
H
H
H
77
20 0 1
52 0 1
22 1 1
53 1 1
24 2 2
28 3 1
61 3 1
25 4 2
27 5 2
35 6 1
65 6 1
36 7 1
66 7 1
42 8 2
21 9 1
33 9 1
34 9 1
36 10 1
39 10 1
64 10 1
39 11 1
40 11 1
69 11 1
40 12 1
41 12 2
40 13 2
42 13 1
16 14 1
41 14 1
70 14 1
16 15 1
43 15 2
71 16 1
19 17 1
20 17 1
21 17 1
44 17 1
19 18 1
22 18 1
23 18 1
45 18 1
46 19 1
47 19 1
24 20 1
25 20 1
27 21 1
48 21 1
26 22 1
31 22 1
24 23 1
28 23 2
29 25 1
30 26 2
32 26 1
29 27 1
30 28 1
36 29 2
35 30 1
49 31 1
50 31 1
51 31 1
37 32 2
54 32 1
55 33 1
56 33 1
57 33 1
58 34 1
59 34 1
60 34 1
38 35 2
38 37 1
62 37 1
63 38 1
67 39 1
68 39 1
43 41 1
43 42 1

#16129957
48
O
O
O
O
O
O
O
O
O
O
O
N
N
N
N
N
N
N
N
N
N
C
C
C
C
C
C
C
C
C
C
C
C
C
C
C
C
C
H
H
H
H
H
H
H
H
H
H
51
27 0 2
15 1 1
15 2 2
16 3 1
16 4 2
30 5 1
34 5 1
31 6 1
36 6 1
19 7 1
19 8 2
20 9 1
20 10 2
21 11 1
27 11 1
38 11 1
22 12 1
27 12 1
39 12 1
17 13 1
23 13 1
40 13 1
18 14 1
25 14 1
41 14 1
24 15 1
26 16 1
28 17 2
29 18 2
34 19 1
36 20 1
22 21 2
23 21 1
24 22 1
26 23 2
25 24 2
26 25 1
30 28 1
42 28 1
31 29 1
43 29 1
32 30 2
33 31 2
35 32 1
44 32 1
37 33 1
45 33 1
35 34 2
46 35 1
37 36 2
47 37 1

#11979481
34
O
O
O
O
O
O
O
O
N
N
N
N
N
N
N
C
C
C
C
C
C
C
C
C
C
C
C
H
H
H
H
H
H
H
36
21 0 2
22 1 1
25 1 1
11 2 1
11 3 2
12 4 1
12 5 2
14 6 1
14 7 2
15 8 1
21 8 1
28 8 1
16 9 1
21 9 1
29 9 1
13 10 1
18 10 1
30 10 1
17 11 1
19 12 1
23 13 2
25 14 1
16 15 1
17 15 2
20 16 2
18 17 1
19 18 2
20 19 1
27 20 1
23 22 1
24 22 2
31 23 1
26 24 1
32 24 1
26 25 2
33 26 1

#11979480
66
O
O
O
O
O
N
N
N
N
N
N
N
N
C
C
C
C
C
C
C
C
C
C
C
C
C
C
C
C
C
C
C
C
C
C
C
C
C
C
C
C
C
C
C
C
C
H
H
H
H
H
H
H
H
H
H
H
H
H
H
H
H
H
H
H
H
73
25 0 2
9 1 1
9 2 2
10 3 1
10 4 2
13 5 1
19 5 1
46 5 1
16 6 1
20 6 1
47 6 1
14 7 1
25 7 1
48 7 1
15 8 1
25 8 1
49 8 1
17 9 1
18 10 1
26 11 2
27 11 1
28 12 2
29 12 1
14 13 1
17 13 2
15 14 2
18 15 1
17 16 1
18 16 2
21 19 2
22 19 1
23 20 2
24 20 1
26 21 1
30 21 1
27 22 1
31 22 2
28 23 1
32 23 1
29 24 1
33 24 2
34 26 1
35 27 2
36 28 1
37 29 2
38 30 2
50 30 1
39 31 1
51 31 1
40 32 2
52 32 1
41 33 1
53 33 1
42 34 2
54 34 1
43 35 1
55 35 1
44 36 2
56 36 1
45 37 1
57 37 1
42 38 1
58 38 1
43 39 2
59 39 1
44 40 1
60 40 1
45 41 2
61 41 1
62 42 1
63 43 1
64 44 1
65 45 1

#11979479
38
O
O
O
O
O
O
O
O
N
N
N
N
N
N
N
C
C
C
C
C
C
C
C
C
C
C
C
C
C
H
H
H
H
H
H
H
H
H
40
21 0 2
11 1 1
11 2 2
12 3 1
12 4 2
23 5 1
27 5 1
14 6 1
14 7 2
15 8 1
21 8 1
30 8 1
16 9 1
21 9 1
31 9 1
13 10 1
18 10 1
32 10 1
17 11 1
20 12 1
22 13 2
27 14 1
16 15 1
17 15 2
19 16 2
18 17 1
20 18 2
20 19 1
29 19 1
25 22 1
33 22 1
24 23 1
26 23 2
25 24 2
34 24 1
36 25 1
28 26 1
35 26 1
28 27 2
37 28 1

#11979426
47
S
O
O
O
O
N
N
N
N
N
N
N
C
C
C
C
C
C
C
C
C
C
C
C
C
C
C
C
C
C
C
C
H
H
H
H
H
H
H
H
H
H
H
H
H
H
H
50
19 0 2
17 1 2
20 2 2
10 3 1
10 4 2
12 5 1
13 5 1
32 5 1
12 6 2
14 6 1
14 7 1
19 7 1
34 7 1
15 8 1
20 8 1
35 8 1
17 9 1
19 9 1
36 9 1
24 10 1
31 11 1
45 11 1
46 11 1
15 12 1
14 13 2
17 13 1
16 15 2
18 16 1
33 16 1
22 18 2
23 18 1
21 20 1
26 21 2
27 21 1
24 22 1
37 22 1
25 23 2
38 23 1
28 24 2
28 25 1
39 25 1
29 26 1
40 26 1
30 27 2
41 27 1
42 28 1
31 29 2
43 29 1
31 30 1
44 30 1

#11979376
59
S
S
O
O
O
O
N
N
N
N
N
N
N
N
N
C
C
C
C
C
C
C
C
C
C
C
C
C
C
C
C
C
C
C
C
C
C
C
H
H
H
H
H
H
H
H
H
H
H
H
H
H
H
H
H
H
H
H
H
61
36 0 2
37 1 2
13 2 1
13 3 2
14 4 1
14 5 2
15 6 2
16 6 1
21 7 1
36 7 1
55 7 1
22 8 1
37 8 1
56 8 1
11 9 1
17 9 2
12 10 1
18 10 2
36 11 1
57 11 1
37 12 1
58 12 1
28 13 1
29 14 1
17 15 1
19 15 1
18 16 1
20 16 2
30 17 1
31 18 1
23 19 2
38 19 1
23 20 1
39 20 1
24 21 2
25 21 1
26 22 2
27 22 1
40 23 1
32 24 1
41 24 1
33 25 2
42 25 1
34 26 1
43 26 1
35 27 2
44 27 1
32 28 2
33 28 1
34 29 2
35 29 1
45 30 1
46 30 1
47 30 1
48 31 1
49 31 1
50 31 1
51 32 1
52 33 1
53 34 1
54 35 1

#11979372
57
O
O
O
O
N
N
N
N
N
N
N
N
N
N
C
C
C
C
C
C
C
C
C
C
C
C
C
C
C
C
C
C
C
C
C
C
C
H
H
H
H
H
H
H
H
H
H
H
H
H
H
H
H
H
H
H
H
60
17 0 2
32 1 2
12 2 1
12 3 2
16 4 1
20 4 1
41 4 1
6 5 1
17 5 1
44 5 1
23 6 1
49 6 1
20 7 2
23 7 1
20 8 1
29 8 2
23 9 2
29 9 1
11 10 1
29 10 1
51 10 1
32 11 1
52 11 1
24 12 1
35 13 2
36 13 1
15 14 1
17 14 1
37 14 1
38 14 1
18 15 2
19 15 1
21 16 2
22 16 1
25 18 1
39 18 1
26 19 2
40 19 1
27 21 1
42 21 1
28 22 2
43 22 1
27 24 2
28 24 1
30 25 2
45 25 1
30 26 1
46 26 1
47 27 1
48 28 1
50 30 1
32 31 1
33 31 2
34 31 1
35 33 1
53 33 1
36 34 2
54 34 1
55 35 1
56 36 1

#11979350
54
O
O
O
O
O
O
O
O
N
N
N
N
N
N
N
N
C
C
C
C
C
C
C
C
C
C
C
C
C
C
C
C
C
C
C
C
H
H
H
H
H
H
H
H
H
H
H
H
H
H
H
H
H
H
56
22 0 2
26 1 2
13 2 1
13 3 2
14 4 1
14 5 2
15 6 1
15 7 2
9 8 1
16 8 1
45 8 1
20 9 1
46 9 1
22 10 1
24 10 1
47 10 1
21 11 1
23 11 2
25 12 2
26 12 1
27 13 1
31 14 1
34 15 1
17 16 1
18 16 1
19 16 1
36 17 1
37 17 1
38 17 1
39 18 1
40 18 1
41 18 1
42 19 1
43 19 1
44 19 1
21 20 2
22 20 1
26 21 1
25 23 1
28 23 1
27 24 2
30 24 1
29 25 1
33 27 1
32 28 2
48 28 1
31 29 2
49 29 1
35 30 2
50 30 1
32 31 1
52 32 1
34 33 2
51 33 1
35 34 1
53 35 1

#11979338
46
S
S
O
O
O
O
O
O
N
N
N
N
N
N
N
N
C
C
C
C
C
C
C
C
C
C
C
C
C
C
C
C
H
H
H
H
H
H
H
H
H
H
H
H
H
H
48
16 0 1
21 0 1
22 1 1
25 1 1
26 2 2
28 3 2
13 4 1
13 5 2
29 6 2
30 7 2
17 8 1
21 8 2
21 9 1
28 9 1
35 9 1
23 10 1
25 10 2
14 11 1
26 11 1
39 11 1
15 12 1
25 12 1
40 12 1
20 13 1
29 14 1
41 14 1
30 15 1
42 15 1
17 16 2
18 16 1
19 17 1
20 18 2
32 18 1
24 19 2
33 19 1
24 20 1
23 22 2
26 22 1
27 23 1
34 24 1
36 27 1
37 27 1
38 27 1
29 28 1
31 30 1
43 31 1
44 31 1
45 31 1

#11970112
88
N
N
N
N
C
C
C
C
C
C
C
C
C
C
C
C
C
C
C
C
C
C
C
C
C
C
C
C
C
C
C
C
C
C
C
C
C
C
C
C
C
C
C
C
C
C
H
H
H
H
H
H
H
H
H
H
H
H
H
H
H
H
H
H
H
H
H
H
H
H
H
H
H
H
H
H
H
H
H
H
H
H
H
H
H
H
H
H
96
24 0 1
31 0 2
25 1 1
32 1 2
36 2 1
42 2 2
37 3 1
43 3 2
6 4 1
8 4 1
18 4 1
19 4 1
7 5 1
9 5 1
20 5 1
21 5 1
10 6 1
12 6 1
46 6 1
11 7 1
13 7 1
47 7 1
10 8 1
14 8 1
48 8 1
11 9 1
15 9 1
49 9 1
50 10 1
51 10 1
52 11 1
53 11 1
16 12 1
22 12 1
54 12 1
17 13 1
23 13 1
55 13 1
16 14 1
24 14 2
17 15 1
25 15 2
26 16 2
27 17 2
56 18 1
57 18 1
58 18 1
59 19 1
60 19 1
61 19 1
62 20 1
63 20 1
64 20 1
65 21 1
66 21 1
67 21 1
28 22 1
68 22 1
69 22 1
29 23 1
70 23 1
71 23 1
72 24 1
73 25 1
31 26 1
74 26 1
32 27 1
75 27 1
30 28 2
33 28 1
30 29 1
34 29 2
76 30 1
36 31 1
37 32 1
35 33 2
77 33 1
35 34 1
78 34 1
79 35 1
38 36 2
39 37 2
40 38 1
80 38 1
41 39 1
81 39 1
44 40 2
82 40 1
45 41 2
83 41 1
44 42 1
84 42 1
45 43 1
85 43 1
86 44 1
87 45 1

#11970110
57
O
O
O
O
C
C
C
C
C
C
C
C
C
C
C
C
C
C
C
C
C
C
C
C
C
H
H
H
H
H
H
H
H
H
H
H
H
H
H
H
H
H
H
H
H
H
H
H
H
H
H
H
H
H
H
H
H
59
4 0 1
5 0 1
8 1 1
12 1 1
15 2 1
24 2 1
15 3 2
5 4 1
7 4 1
25 4 1
10 5 1
11 5 1
7 6 1
8 6 1
9 6 1
26 6 1
27 7 1
28 7 1
13 8 1
29 8 1
12 9 1
15 9 1
30 9 1
14 10 1
31 10 1
32 10 1
33 11 1
34 11 1
35 11 1
36 12 1
37 12 1
16 13 1
38 13 1
39 13 1
17 14 1
40 14 1
41 14 1
18 16 2
20 16 1
19 17 2
42 17 1
21 18 1
43 18 1
22 19 1
23 19 1
44 20 1
45 20 1
46 20 1
22 21 1
47 21 1
48 21 1
49 22 1
50 22 1
51 23 1
52 23 1
53 23 1
54 24 1
55 24 1
56 24 1

#11970105
63
O
O
O
O
O
N
C
C
C
C
C
C
C
C
C
C
C
C
C
C
C
C
C
C
C
C
C
C
C
C
H
H
H
H
H
H
H
H
H
H
H
H
H
H
H
H
H
H
H
H
H
H
H
H
H
H
H
H
H
H
H
H
H
69
12 0 1
51 0 1
15 1 1
52 1 1
20 2 1
26 2 1
19 3 1
53 3 1
26 4 2
8 5 1
12 5 1
16 5 1
8 6 1
9 6 1
10 6 1
17 6 1
10 7 1
11 7 1
14 7 1
20 7 1
11 8 1
30 8 1
12 9 1
13 9 1
31 9 1
15 10 1
32 10 1
18 11 1
33 11 1
14 12 1
16 13 1
21 13 1
24 13 1
34 14 1
35 14 1
19 15 1
36 15 1
37 16 1
38 16 1
22 17 1
39 17 1
40 17 1
19 18 1
41 18 1
42 18 1
23 19 1
23 20 1
43 20 1
22 21 1
44 21 1
45 21 1
46 22 1
47 22 1
25 23 2
48 24 1
49 24 1
50 24 1
54 25 1
55 25 1
27 26 1
28 27 1
29 27 1
56 27 1
57 28 1
58 28 1
59 28 1
60 29 1
61 29 1
62 29 1

#11970089
42
O
O
O
N
N
C
C
C
C
C
C
C
C
C
C
C
C
C
C
C
C
C
H
H
H
H
H
H
H
H
H
H
H
H
H
H
H
H
H
H
H
H
45
6 0 1
34 0 1
3 1 1
40 1 1
4 2 1
41 2 1
13 3 2
14 4 2
6 5 1
9 5 1
10 5 1
15 5 1
7 6 1
16 6 1
12 7 1
13 7 1
22 7 1
9 8 1
12 8 1
14 8 1
23 8 1
24 9 1
25 9 1
11 10 1
26 10 1
27 10 1
13 11 1
14 11 1
28 11 1
29 12 1
30 12 1
17 15 2
18 15 1
31 16 1
32 16 1
33 16 1
19 17 1
35 17 1
20 18 2
36 18 1
21 19 2
37 19 1
21 20 1
38 20 1
39 21 1

#11970087
42
O
O
C
C
C
C
C
C
C
C
C
C
C
C
C
C
C
C
C
C
H
H
H
H
H
H
H
H
H
H
H
H
H
H
H
H
H
H
H
H
H
H
44
4 0 1
12 0 1
12 1 2
3 2 1
4 2 1
6 2 1
20 2 1
5 3 1
7 3 1
21 3 1
5 4 1
10 4 1
22 5 1
23 5 1
8 6 1
24 6 1
25 6 1
9 7 1
26 7 1
27 7 1
9 8 1
28 8 1
29 8 1
30 9 1
31 9 1
11 10 2
32 10 1
13 11 1
33 11 1
14 12 1
34 13 1
35 13 1
36 13 1
15 14 2
16 14 1
17 15 1
37 15 1
18 16 2
38 16 1
19 17 2
39 17 1
19 18 1
40 18 1
41 19 1

#11970086
64
O
O
O
O
O
O
O
C
C
C
C
C
C
C
C
C
C
C
C
C
C
C
C
C
C
C
C
C
C
C
C
C
H
H
H
H
H
H
H
H
H
H
H
H
H
H
H
H
H
H
H
H
H
H
H
H
H
H
H
H
H
H
H
H
67
7 0 1
9 0 1
11 1 1
23 1 1
12 2 2
21 3 1
22 3 1
21 4 2
23 5 2
27 6 1
30 6 1
8 7 1
9 7 1
13 7 1
11 8 1
12 8 1
15 8 1
10 9 1
32 9 1
14 10 1
33 10 1
34 10 1
16 11 1
35 11 1
14 12 1
36 13 1
37 13 1
38 13 1
39 14 1
40 14 1
41 15 1
42 15 1
43 15 1
17 16 1
44 16 1
45 16 1
18 17 1
19 17 1
46 17 1
20 18 1
21 18 1
47 18 1
48 19 1
49 19 1
50 19 1
22 20 1
51 20 1
52 20 1
24 22 1
53 22 1
25 23 1
26 24 1
27 24 2
28 25 1
29 25 2
30 26 2
54 26 1
55 27 1
56 28 1
57 28 1
58 28 1
31 29 1
59 29 1
60 30 1
61 31 1
62 31 1
63 31 1